256,282,9
256,288,9
256,282,9
256,286,9
257,284,9
257,283,9
257,287,9
257,285,9
258,283,9
258,282,9
258,286,9
258,281,9
259,285,9
259,282,9
259,282,9
259,283,9
260,286,9
260,282,9
260,284,9
260,282,9
261,280,9
261,286,9
261,284,9
261,282,9
262,287,9
262,284,9
262,278,9
262,279,9
263,277,9
263,276,9
263,278,9
263,277,9
264,276,9
264,281,9
264,283,9
264,278,9
265,286,9
265,283,9
265,280,9
265,286,9
266,283,9
266,286,9
266,281,9
266,284,9
267,280,9
267,282,9
267,282,9
267,287,9
268,287,9
268,287,9
268,287,9
268,287,9
269,287,9
269,287,9
269,287,9
269,287,9
270,287,9
270,287,9
270,287,9
270,287,9
271,287,9
271,287,9
271,287,9
271,287,9
275,287,9
275,287,9
275,287,9
275,287,9
276,287,9
276,287,9
276,287,9
276,287,9
277,287,9
277,287,9
277,287,9
277,287,9
278,287,9
278,287,9
278,287,9
278,287,9
279,287,9
279,287,9
279,287,9
279,287,9
280,287,9
280,287,9
280,287,9
280,287,9
206,285,9
206,288,9
206,275,9
206,274,9
207,286,9
207,274,9
207,285,9
207,276,9
208,278,9
208,286,9
208,284,9
208,276,9
209,286,9
209,280,9
209,276,9
209,271,9
210,285,9
210,287,9
210,277,9
210,278,9
211,270,9
211,281,9
211,286,9
211,277,9
212,277,9
212,285,9
212,284,9
212,280,9
213,287,9
213,278,9
213,284,9
213,278,9
214,275,9
214,272,9
214,286,9
214,283,9
215,282,9
215,285,9
215,274,9
215,277,9
216,282,9
216,285,9
216,270,9
216,288,9
217,288,9
217,280,9
217,284,9
217,283,9
218,284,9
218,286,9
218,286,9
218,283,9
219,276,9
219,271,9
219,287,9
219,282,9
220,277,9
220,250,9
220,277,9
220,283,9
221,273,9
221,247,9
221,275,9
221,288,9
222,249,9
222,277,9
222,287,9
222,287,9
223,254,9
223,275,9
223,276,9
223,255,9
224,248,9
224,257,9
224,249,9
224,252,9
225,286,9
225,285,9
225,255,9
225,250,9
226,257,9
226,254,9
226,253,9
226,254,9
227,249,9
227,260,9
227,257,9
227,252,9
228,253,9
228,248,9
228,250,9
228,251,9
229,253,9
229,260,9
229,260,9
229,254,9
230,255,9
230,255,9
230,258,9
230,255,9
231,257,9
231,251,9
231,254,9
231,250,9
232,259,9
232,261,9
232,251,9
232,259,9
233,243,9
233,261,9
233,259,9
233,248,9
234,256,9
234,255,9
234,243,9
234,257,9
235,249,9
235,251,9
235,251,9
235,253,9
236,270,9
236,263,9
236,274,9
236,275,9
237,269,9
237,271,9
237,269,9
237,267,9
238,273,9
238,249,9
238,276,9
238,242,9
239,263,9
239,273,9
239,271,9
239,263,9
240,244,9
240,264,9
240,260,9
240,274,9
241,260,9
241,270,9
241,271,9
241,266,9
242,271,9
242,270,9
242,270,9
242,272,9
243,265,9
243,271,9
243,269,9
243,260,9
244,262,9
244,260,9
244,264,9
244,264,9
245,268,9
245,271,9
245,265,9
245,268,9
246,269,9
246,270,9
246,264,9
246,263,9
247,263,9
247,269,9
247,264,9
247,265,9
248,267,9
248,267,9
248,283,9
248,268,9
249,268,9
249,287,9
249,286,9
249,265,9
250,288,9
250,282,9
250,282,9
250,282,9
251,282,9
251,286,9
251,285,9
251,288,9
252,283,9
252,283,9
252,288,9
252,283,9
253,283,9
253,288,9
253,285,9
253,288,9
254,281,9
254,283,9
254,281,9
254,283,9
255,282,9
255,286,9
255,285,9
255,284,9